53
1181
34
216
2
2
2
8
2
15
1
1
2793
1
3
737
2
8
188
57
28
37
1
36
2
54
5
1
11
1308
16
114
168
122
44
3
9
128
20
87
6
858
100
7
1
1
222
10
36
3
1
25
329
496
22
820
1
8
93
3
35
155
2
3
233
11
8
5
45
160
3
195
5
12
23
17
1
1
8
28
1
47
16
1
23
1
159
12
187
1
12
10
169
351
60
1
1
73
155
1
355
1
1
11
5
129
3
4
1
1
1
76
1
3
2
2
2
3
41
111
3
4
5
2
1
4
1
12
5
5
1
2
181
2
5
9
19
3
3
3
7
4
39
4
2
3
4
2
2
12
3
5
2
3
7
2
41
5
2
2
2
37
3
3
2
10
3
1
13
2
15
1
1
2
3
12
2
137
64
41
17
10
42
76
2
56
74
10
119
31
6
3
133
58
1
8
26
437
4
3
14
11
1
19
1
55
3
188
1
1
4
17
1
1
38
3
18
4
12
191
3
1
1
1
20
26
47
2
2
6
13
14
16
2
1
3
11
5
28
2
21
3
21
3
7
4
1
37
66
3
1
1
6
49
4
6
40
1
1
4
1
9
23
10
1
1
3
8
14
5
3
2
24
22
1
7
2
22
21
4
1
5
1
1
1
67
4
1
76
17
55
2
38
4
3
11
3
84
7
17
1
6
11
14
1
18
1
5
3
2
1
1
12
95
22
1
85
71
12
6
8
217
7
35
1
6
4
141
1
3
5
6
2
1
1
1
29
6
1
1
16
1
3
1
2
3
2
6
5
19
5
1
1
1
22
1
1
11
1
4
6
14
43
3
1
10
1
1
1
1
1
1
2
1
26
2
1
1
4
1
20
1
1
2
1
10
1
3
14
15
1
1
3
1
12
12
4
39
4
11
13
2
6
2
2
9
1
16
7
3
1
1
4
98
4
6
1
2
9
4
7
2
67
1
1
21
4
150
65
4
1
11
1
1
19
8
1
2
2
2
24
2
4
4
12
2
4
16
1
4
3
3
22
20
22
5
10
4
13
8
19
1
1
81
25
33
1
5
12
2
24
40
1
11
2
76
1
2
3
1
18
10
2
15
2
5
34
4
1
2
3
1
8
5
1
2
8
3
11
12
4
6
2
21
10
2
1
14
8
5
3
5
6
80
2
123
4
8
1
3
3
6
2
5
1
3
1
3
12
3
2
5
4
2
1
1
4
3
1
1
1
14
2
2
3
3
1
1
28
9
20
2
7
11
12
3
1
1
2
4
1
15
22
1
11
2
3
1
6
4
4
2
1
4
8
2
2
1
1
1
1
1
4
35
2
2
3
13
1
1
1
74
1
4
2
35
22
1
8
1
11
3
1
11
2
4
1
1
2
4
1
23
1
1
3
3
236
3
1
5
1
2
1
1
13
1
2
3
2
26
5
3
8
3
1
2
4
1
2
1
1
1
2
4
112
4
3
2
1
3
5
1
1
4
2
8
3
6
5
1
1
4
1
6
3
4
14
10
5
1
2
7
7
20
7
8
1
1
24
3
7
1
1
1
4
1
11
5
17
1
25
1
1
14
3
13
1
1
7
38
2
1
11
49
1
8
8
2
2
1
10
1
25
1
1
1
1
4
1
13
1
1
5
2
5
4
16
4
1
6
12
2
2
1
14
16
4
6
7
10
2
4
2
4
2
1
1
2
6
11
7
1
2
24
1
19
23
2
12
17
6
32
7
23
5
15
23
4
2
16
19
1
2
14
34
33
3
1
3
3
91
13
24
8
6
5
20
3
5
10
4
2
7
5
4
2
4
13
10
7
3
2
5
6
3
7
2
2
3
2
18
11
2
16
5
8
7
10
1
2
6
1
3
3
2
7
2
2
6
1
1
3
2
20
1
8
6
12
2
1
31
3
10
1
6
1
1
1
9
1
6
1
1
2
4
1
1
1
1
1
35
6
2
24
4
9
1
16
27
31
16
3
3
16
10
3
1
4
2
30
25
21
2
1
4
9
2
6
3
1
9
1
21
22
1
9
4
48
23
3
5
10
5
1
7
2
1
2
1
13
7
4
1
3
69
3
1
5
3
7
1
1
2
1
32
1
15
3
3
1
1
8
2
4
1
4
1
1
2
4
1
4
2
1
2
2
1
2
3
4
17
1
1
2
2
3
6
1
1
3
1
1
1
2
2
2
1
1
1
1
6
2
3
102
25
1
63
14
1
2
2
2
1
1
1
1
5
1
4
1
1
2
17
4
3
4
1
1
1
2
1
1
1
1
3
15
1
5
1
3
2
3
1
1
8
1
1
2
1
3
1
6
1
4
4
3
1
1
2
8
34
1
3
2
9
8
3
3
3
6
1
4
1
2
1
10
6
1
9
2
10
1
14
1
1
9
5
1
5
2
2
2
1
1
1
2
1
1
9
9
6
6
11
1
1
1
1
4
5
13
2
1
2
3
11
8
1
7
1
3
1
1
2
1
1
1
1
2
2
1
1
7
8
2
2
14
7
1
17
4
1
14
3
1
1
1
1
8
4
12
3
19
1
28
8
2
2
2
4
1
1
3
39
1
3
8
3
2
4
6
1
4
2
2
14
1
1
5
3
9
6
1
4
1
3
9
1
7
1
1
2
1
2
1
39
4
5
1
6
4
5
1
3
2
1
1
7
1
7
2
2
2
1
14
3
1
1
4
1
5
2
2
2
3
2
1
3
7
5
1
1
1
2
1
3
8
1
3
3
2
2
1
1
1
4
3
9
1
1
1
2
1
2
7
3
1
1
19
3
1
7
2
1
9
10
4
1
3
27
14
2
3
1
2
2
7
1
1
1
11
9
1
2
1
1
3
6
1
4
1
1
1
2
14
9
3
1
2
1
21
7
3
13
3
4
1
2
1
4
3
4
4
3
1
9
1
23
1
5
1
1
2
1
3
1
3
3
2
2
1
5
1
1
3
1
4
1
46
6
2
2
1
3
1
2
9
9
1
3
3
1
1
4
5
1
6
3
4
1
1
1
4
1
1
4
7
1
2
1
1
1
23
3
6
2
19
2
6
5
2
2
8
1
1
3
1
7
4
1
14
1
1
5
1
7
1
4
1
3
1
1
1
5
6
4
3
4
1
2
2
1
1
1
1
1
1
3
1
1
2
1
4
3
17
11
3
4
2
1
1
1
2
1
1
1
1
1
3
1
6
1
31
1
4
3
4
1
9
1
3
4
1
1
4
2
1
4
1
1
12
13
2
1
2
5
2
4
1
11
4
1
1
1
3
6
4
7
5
4
2
3
3
1
4
2
7
2
2
1
8
3
1
1
1
4
4
1
1
9
6
2
6
4
5
3
1
1
1
1
5
4
4
1
1
4
1
1
1
1
2
3
3
7
1
2
1
6
1
1
1
1
1
2
2
1
1
2
3
7
2
2
2
3
1
1
9
3
1
1
2
22
1
17
2
4
2
2
1
1
1
1
5
1
1
3
12
5
19
9
2
1
3
2
1
9
2
3
4
3
3
12
5
3
1
1
2
1
2
3
1
4
2
2
1
1
1
2
1
1
1
1
1
2
1
1
1
3
2
25
1
1
2
1
10
1
1
2
1
1
1
1
2
10
2
1
3
1
4
1
2
4
1
12
1
5
2
3
3
3
1
4
1
1
9
1
7
3
4
1
1
1
1
1
3
1
2
1
8
1
6
4
1
3
7
3
2
1
1
1
1
4
16
1
1
4
6
1
1
2
4
7
2
8
3
1
1
5
8
3
15
2
2
1
1
1
1
1
1
1
2
1
11
1
1
4
1
1
1
1
1
1
2
2
7
5
1
3
1
3
1
4
1
1
10
14
1
1
4
2
3
1
2
3
1
1
2
9
2
3
5
3
4
2
1
1
1
1
4
1
2
3
2
3
7
2
2
30
1
1
6
1
1
1
8
15
1
2
1
4
1
10
1
1
1
1
2
1
1
4
1
1
7
4
1
2
1
1
2
4
1
1
2
1
10
7
2
1
1
3
6
1
1
1
1
1
5
4
2
2
1
1
3
1
2
1
1
1
2
7
1
1
1
1
3
1
1
1
1
1
1
1
1
1
1
1
5
3
1
1
3
1
2
1
4
1
1
5
1
4
1
1
1
2
1
15
1
2
2
1
1
4
1
2
5
3
1
1
3
4
3
5
4
1
2
2
1
1
1
1
13
1
1
6
7
1
2
7
13
1
3
3
5
1
5
1
1
8
6
1
3
3
1
3
1
1
1
1
2
3
1
2
5
1
1
1
1
3
1
1
7
2
4
5
1
1
1
2
2
2
1
1
2
1
5
1
1
16
1
5
1
1
1
1
21
2
1
1
1
7
2
4
1
1
6
1
1
3
1
1
5
2
1
2
1
1
2
2
1
1
2
1
2
1
1
1
1
2
2
1
3
2
3
43
1
1
5
1
4
1
1
1
3
2
1
3
2
6
2
2
2
2
2
1
1
2
3
9
1
1
1
1
2
1
1
3
1
2
1
1
2
1
2
6
2
10
3
8
3
1
1
6
1
2
2
1
4
1
1
2
2
1
7
1
1
2
1
6
8
4
2
1
1
38
1
1
2
1
7
1
2
1
1
3
1
4
1
2
7
6
1
1
1
1
1
2
1
4
1
1
2
4
2
5
1
1
1
1
2
2
1
2
4
1
3
3
1
3
1
2
1
3
1
1
2
2
1
4
1
1
2
1
2
11
4
1
1
8
5
1
1
2
1
1
2
4
6
1
1
4
2
1
2
2
1
1
1
3
3
1
1
2
1
1
3
1
1
1
1
4
12
5
1
1
1
2
4
20
8
3
3
1
3
3
2
3
1
4
8
6
1
1
1
14
12
4
5
1
3
3
3
2
4
1
1
10
1
4
1
15
12
1
1
1
7
2
6
4
5
7
3
4
11
4
10
1
4
2
6
2
3
1
1
1
2
1
1
1
1
1
6
2
1
1
1
1
7
10
1
1
1
1
1
1
1
4
1
1
1
9
2
2
1
1
1
1
1
1
1
2
1
1
2
1
6
8
3
4
2
3
1
1
1
8
1
2
2
3
1
3
2
12
1
1
1
1
1
1
1
1
1
1
1
12
1
5
1
2
1
1
3
4
1
1
9
1
1
5
3
2
1
3
2
1
1
10
9
1
1
7
1
1
3
2
1
1
3
7
1
13
4
2
1
2
3
6
13
1
1
6
1
3
2
3
19
2
21
5
1
1
1
5
2
9
3
2
2
2
5
2
1
3
6
5
2
1
1
1
20
4
3
2
2
4
1
1
3
5
5
1
4
1
2
2
2
1
7
1
1
1
3
1
2
2
2
1
1
5
1
1
1
2
2
1
3
6
1
2
1
3
1
4
1
2
3
2
1
4
1
2
1
2
2
6
4
1
9
2
3
7
1
1
1
8
3
3
6
3
6
2
1
5
3
1
1
2
3
1
3
1
1
1
1
1
1
1
2
2
5
1
1
3
6
6
4
2
1
2
1
3
1
2
2
7
2
1
2
1
4
1
1
1
3
1
9
1
2
3
2
9
1
3
6
5
3
7
1
1
2
1
1
3
9
8
2
1
2
1
6
8
1
1
1
1
1
1
2
1
2
1
5
1
1
1
2
1
3
1
3
1
1
1
1
1
1
2
1
1
2
1
1
1
1
1
3
3
6
1
1
1
1
1
1
2
2
1
1
1
1
2
2
1
1
1
2
1
1
1
1
1
1
1
2
7
3
3
3
6
1
1
1
1
1
12
1
1
1
3
1
5
3
1
6
1
1
1
1
1
1
1
2
1
1
1
1
4
1
1
1
1
6
1
2
2
5
2
1
3
10
3
1
1
4
1
1
3
3
2
1
4
6
1
2
4
4
1
1
2
1
1
2
2
1
1
1
6
1
3
1
1
1
2
3
1
4
8
2
1
1
1
2
7
1
1
1
3
3
1
1
1
2
1
2
1
1
2
4
1
1
1
1
2
2
2
1
1
6
1
4
2
1
1
2
1
1
1
2
1
1
2
3
2
1
1
3
1
1
1
1
2
2
1
2
2
2
3
2
4
5
6
1
1
1
1
1
1
1
3
1
1
1
1
4
1
2
3
2
1
1
4
1
1
1
1
1
4
1
1
1
1
2
5
1
1
1
1
2
1
1
1
1
2
3
1
1
2
7
4
1
1
1
1
1
1
1
1
1
1
6
2
1
1
1
1
1
1
1
1
1
1
1
9
1
2
1
1
1
1
1
3
1
1
1
1
1
1
1
1
1
3
1
1
2
1
2
3
3
2
1
5
1
1
1
1
4
2
1
1
1
1
1
3
7
1
1
1
2
3
2
2
2
2
1
3
4
1
1
7
2
2
2
1
10
1
1
1
1
1
1
1
1
2
2
3
2
6
1
1
5
1
2
6
1
2
10
1
2
1
1
1
5
1
2
2
4
2
5
3
1
2
1
1
1
3
1
3
1
1
1
1
1
1
4
2
3
2
2
1
1
2
1
3
4
2
1
10
1
4
1
1
1
1
13
5
1
4
2
1
4
2
1
12
2
1
1
1
3
1
2
11
3
3
1
2
2
2
3
1
2
3
1
1
3
4
1
2
1
1
1
1
1
2
1
1
2
2
18
5
10
1
4
3
2
1
1
1
2
3
1
8
4
1
2
1
1
3
1
10
1
2
2
1
3
1
3
2
1
2
2
1
1
1
1
1
1
1
1
1
3
1
2
1
3
1
1
2
2
4
1
2
1
2
8
1
1
2
2
4
2
1
1
3
3
1
4
2
1
3
1
1
2
3
4
1
1
1
1
1
1
5
1
1
2
2
2
2
1
1
1
1
1
2
4
1
1
1
8
1
3
2
3
1
4
1
2
1
4
1
5
2
1
2
5
1
1
1
4
3
2
1
2
3
4
1
1
1
1
1
1
1
5
2
2
2
5
1
1
1
2
1
1
1
1
1
1
2
2
1
1
1
1
1
1
3
1
1
1
2
1
1
3
1
1
1
1
1
1
1
1
1
1
1
8
1
1
3
1
1
1
1
1
6
2
1
1
1
1
1
1
1
1
1
1
1
2
1
1
1
1
3
10
2
3
1
1
1
1
2
1
1
1
3
2
1
1
8
1
3
1
2
3
2
2
2
2
1
2
1
29
1
1
1
3
2
3
1
3
1
1
3
1
1
2
1
1
1
5
2
2
1
1
2
4
1
1
3
1
3
1
1
1
4
4
4
1
1
2
3
1
1
1
2
1
1
1
1
2
1
1
3
1
1
1
1
1
6
8
1
1
7
1
2
1
3
1
1
1
1
2
1
2
4
2
3
1
1
1
1
1
1
2
1
1
1
4
4
4
4
2
2
2
1
1
1
1
1
1
1
2
1
4
1
1
4
2
1
2
2
3
3
1
1
1
1
1
1
1
2
4
1
1
2
1
1
1
1
2
3
7
2
2
2
1
1
1
2
1
1
2
2
2
3
1
1
4
1
1
3
1
2
1
1
1
3
3
4
1
1
1
1
7
2
1
3
2
1
1
1
1
2
1
1
4
1
1
2
1
1
1
1
1
1
1
1
1
1
1
1
1
1
1
2
2
1
1
2
3
2
1
1
3
2
1
2
5
1
1
1
4
1
1
1
1
4
1
2
1
2
2
3
1
3
1
1
1
3
1
1
1
1
1
2
1
1
1
1
1
1
5
3
2
1
1
1
1
1
1
1
1
1
2
1
1
1
1
1
1
1
4
1
1
1
1
1
1
1
1
1
1
1
1
4
4
2
17
2
2
1
1
1
1
1
2
1
1
1
1
1
2
3
1
2
2
2
2
1
1
1
1
1
5
1
1
1
1
1
1
1
1
1
1
2
2
1
1
1
1
3
7
4
1
2
1
1
1
1
1
2
3
2
1
1
1
2
1
1
1
1
1
1
1
1
1
6
1
4
1
1
1
1
4
1
1
1
2
1
1
2
1
1
1
3
1
2
1
1
2
1
8
2
1
1
1
1
1
2
1
1
1
1
1
1
1
1
1
1
1
1
1
1
1
1
2
1
1
1
1
1
1
1
3
1
2
1
1
1
1
1
1
1
1
2
1
1
1
1
1
1
3
1
2
1
2
1
1
4
1
1
1
1
2
1
1
1
1
1
1
1
1
1
1
1
4
1
1
1
1
1
1
1
1
2
1
1
4
2
1
1
1
2
1
2
1
1
1
1
1
1
1
1
1
2
1
1
1
1
1
3
1
1
1
1
1
1
2
2
2
1
1
1
1
1
3
1
2
2
1
2
1
1
1
1
1
1
1
1
1
1
1
2
1
2
1
1
2
1
1
1
1
1
1
1
3
1
1
1
1
1
1
1
3
1
1
1
1
1
3
1
1
1
2
1
1
1
1
1
1
1
1
1
2
2
1
1
1
3
1
1
1
1
1
1
1
3
1
2
1
4
2
1
1
1
1
1
2
1
1
1
1
1
1
1
2
1
3
1
1
3
1
1
3
1
1
1
1
3
1
2
3
2
1
1
2
1
1
1
1
1
2
1
1
1
1
2
2
1
2
2
2
2
2
2
1
2
2
1
1
1
3
1
2
2
1
1
1
1
1
1
1
1
1
1
1
1
1
1
1
1
2
1
5
1
2
1
1
1
1
1
1
1
1
1
4
1
1
1
1
1
1
1
1
1
2
3
1
2
1
2
1
1
1
1
4
1
4
1
1
1
1
1
1
3
1
3
1
1
1
1
1
1
2
1
1
3
2
3
1
1
1
1
2
1
1
1
1
1
1
2
3
1
1
1
2
1
2
2
3
1
1
1
2
1
13
7
1
1
1
1
2
1
1
1
2
1
1
1
1
1
1
1
1
1
3
2
2
1
1
1
1
3
3
2
1
2
1
1
1
3
1
3
1
1
1
1
1
1
1
6
1
2
1
1
1
1
3
1
2
1
1
4
1
2
1
1
1
4
1
1
1
1
1
1
3
1
1
1
1
1
15
1
1
3
1
1
2
1
1
2
1
3
2
1
1
1
1
2
1
1
2
1
3
2
1
1
1
2
1
1
3
2
5
2
1
1
1
1
2
1
1
1
1
1
3
1
1
3
1
1
4
5
1
2
2
2
2
2
2
1
2
2
2
3
3
1
1
3
1
2
1
1
1
1
1
2
2
2
1
1
1
1
1
1
1
1
3
1
1
1
1
1
1
1
1
1
1
1
2
1
1
1
1
1
1
1
1
1
1
1
1
1
1
3
2
1
1
1
1
1
1
1
1
1
1
2
1
1
1
1
2
1
1
1
2
3
2
2
2
2
1
2
1
2
1
1
2
1
1
1
2
1
1
1
3
1
2
1
4
2
2
1
1
3
1
2
1
1
1
1
2
1
1
1
1
1
1
1
2
2
3
4
1
1
1
1
1
1
1
2
4
2
2
3
1
1
1
1
1
1
1
1
2
1
1
1
1
1
1
1
1
1
1
1
1
1
1
1
2
1
1
1
1
1
1
1
1
1
1
1
1
2
1
1
1
1
1
1
1
1
1
3
2
1
1
1
1
1
1
1
1
1
1
1
1
1
2
1
1
2
1
1
1
1
1
1
1
1
1
1
1
1
1
1
1
1
1
2
1
1
1
1
1
1
1
2
1
1
1
1
1
1
1
1
1
1
1
2
1
1
1
2
1
1
1
1
1
1
1
1
1
1
1
1
1
1
1
1
1
1
1
1
2
1
3
1
1
3
3
1
1
2
1
1
1
1
1
1
2
1
1
1
1
1
1
1
1
1
1
1
1
2
3
2
2
1
1
1
1
1
1
1
1
1
1
1
2
1
1
1
1
1
1
1
1
1
1
1
1
1
2
3
1
1
3
1
1
1
4
1
2
1
1
1
1
1
2
1
1
1
1
1
2
1
1
1
4
1
1
1
1
1
1
1
1
1
1
1
1
1
1
1
1
2
1
2
1
1
1
1
2
2
1
1
2
1
1
1
2
1
1
1
2
1
1
2
1
1
2
1
1
2
1
1
2
2
2
1
1
1
1
1
1
1
1
1
1
2
1
1
1
1
1
2
1
1
1
1
1
1
1
1
1
1
1
2
1
1
1
1
1
1
1
1
1
1
1
1
1
1
1
1
1
2
1
1
1
1
1
1
1
1
1
1
1
1
1
1
1
1
1
1
1
1
1
3
1
2
1
1
3
2
1
2
1
3
1
1
1
1
1
1
1
3
3
4
2
1
1
1
2
2
2
2
1
1
3
1
2
2
2
1
1
1
1
2
1
2
2
1
2
1
1
1
1
1
1
1
1
1
1
1
1
1
1
1
1
1
1
1
1
1
1
1
1
1
1
1
1
2
1
1
1
3
3
1
1
1
1
1
1
1
1
1
2
1
1
1
1
1
1
1
1
1
1
1
1
1
1
1
1
1
1
1
2
1
1
1
4
1
2
1
4
1
1
2
1
4
1
1
1
1
1
1
1
1
1
2
1
1
3
1
1
1
1
1
1
1
1
1
1
1
2
1
1
1
1
3
1
1
2
1
1
1
1
1
1
1
2
1
1
1
1
1
1
1
1
1
1
1
1
1
1
1
1
2
1
1
2
1
1
1
1
1
1
1
4
1
1
2
1
1
1
1
1
1
1
1
2
1
1
1
1
1
2
1
1
1
1
1
1
1
1
1
1
1
2
1
1
1
1
1
1
1
1
1
1
2
1
1
1
1
1
1
1
3
1
1
1
1
1
1
1
1
1
1
1
1
1
1
1
1
1
1
1
1
1
1
1
1
1
1
2
1
3
1
1
1
1
1
1
1
1
1
1
1
1
2
1
1
3
2
2
2
1
1
2
1
1
1
1
2
1
1
1
1
1
1
1
1
1
1
1
1
1
1
1
1
1
1
1
1
1
1
1
1
1
1
2
1
1
1
1
1
1
1
1
1
1
1
1
1
1
2
2
3
1
1
1
1
2
7
2
2
13
1
6
1
3
1
1
1
1
5
1
2
1
1
5
3
1
1
6
1
1
1
1
1
1
1
1
1
1
5
1
1
1
1
1
1
1
1
4
1
1
2
1
3
1
1
3
2
1
2
1
2
1
2
1
1
1
1
3
1
1
1
1
1
1
1
1
1
1
1
1
1
1
1
1
2
2
4
1
2
1
1
1
1
1
1
1
2
3
1
1
2
1
1
1
1
1
1
1
1
1
4
1
1
1
1
1
1
1
1
1
1
1
1
1
1
1
1
1
1
1
1
1
1
1
1
1
1
1
2
1
1
1
1
1
1
1
1
1
1
1
1
1
1
1
1
1
1
1
1
1
1
1
1
1
1
1
1
1
1
1
1
1
1
1
1
1
1
1
1
1
1
1
1
2
1
1
1
1
1
1
1
1
1
1
1
2
1
1
1
1
1
1
1
1
2
2
1
2
1
1
1
1
1
2
1
1
1
1
1
1
1
2
1
1
1
1
1
2
1
1
1
1
1
1
1
1
1
2
1
1
1
1
1
1
1
1
1
1
1
1
1
1
1
1
1
1
4
1
1
1
3
1
1
1
3
1
1
1
1
1
2
2
1
1
1
1
1
2
1
1
1
1
1
1
2
2
1
2
2
2
1
2
2
1
1
1
1
1
1
1
1
5
4
2
2
1
1
1
1
1
1
1
1
1
1
1
1
1
1
1
1
1
1
1
4
1
1
1
1
1
1
1
1
1
1
1
1
1
1
1
1
1
1
1
1
1
1
1
1
1
1
2
1
3
1
2
1
1
1
1
1
1
1
1
1
1
1
1
2
1
2
1
1
1
1
1
1
1
2
1
1
1
1
1
1
1
1
1
1
1
1
1
1
2
3
1
1
1
1
1
1
1
1
1
1
1
1
1
1
1
1
1
1
1
1
1
